1.48056, 6.16039, 0.626653, 0.907361, 0, 0.420352, -0.0004779, -0.999999, 0.00103158, 0.420352, -0.0011369, -0.90736
1.48003, 6.14039, 0.627075, 0.907361, -1.73472e-18, 0.420352, -0.0004779, -0.999999, 0.00103158, 0.420352, -0.0011369, -0.90736
1.47935, 6.1204, 0.627643, 0.907361, -2.1684e-18, 0.420352, -0.0004779, -0.999999, 0.00103158, 0.420352, -0.0011369, -0.90736
1.47888, 6.1004, 0.627997, 0.907361, -3.03577e-18, 0.420352, -0.0004779, -0.999999, 0.00103158, 0.420352, -0.0011369, -0.90736
1.47839, 6.0804, 0.628373, 0.907361, -1.30104e-18, 0.420352, -0.0004779, -0.999999, 0.00103158, 0.420352, -0.0011369, -0.90736
1.47834, 6.0604, 0.628316, 0.907361, -1.51788e-18, 0.420352, -0.0004779, -0.999999, 0.00103158, 0.420352, -0.0011369, -0.90736
1.47825, 6.0404, 0.628295, 0.907361, 4.33681e-19, 0.420352, -0.0004779, -0.999999, 0.00103158, 0.420352, -0.0011369, -0.90736
1.47875, 6.0204, 0.627693, 0.907361, 0, 0.420352, -0.0004779, -0.999999, 0.00103158, 0.420352, -0.0011369, -0.90736
1.47805, 6.0004, 0.628286, 0.907361, -2.38524e-18, 0.420352, -0.0004779, -0.999999, 0.00103158, 0.420352, -0.0011369, -0.90736
1.47828, 5.9804, 0.627949, 0.907361, -3.46945e-18, 0.420352, -0.0004779, -0.999999, 0.00103158, 0.420352, -0.0011369, -0.90736
1.47821, 5.9604, 0.627908, 0.907361, -3.03577e-18, 0.420352, -0.0004779, -0.999999, 0.00103158, 0.420352, -0.0011369, -0.90736
1.47815, 5.9404, 0.627859, 0.907361, -1.73472e-18, 0.420352, -0.0004779, -0.999999, 0.00103158, 0.420352, -0.0011369, -0.90736
1.47807, 5.9204, 0.627826, 0.907361, -3.03577e-18, 0.420352, -0.0004779, -0.999999, 0.00103158, 0.420352, -0.0011369, -0.90736
1.47733, 5.9004, 0.628455, 0.907361, -2.1684e-18, 0.420352, -0.0004779, -0.999999, 0.00103158, 0.420352, -0.0011369, -0.90736
1.47722, 5.8804, 0.62846, 0.907361, -8.67362e-19, 0.420352, -0.0004779, -0.999999, 0.00103158, 0.420352, -0.0011369, -0.90736
1.47706, 5.86041, 0.628512, 0.907361, -2.60209e-18, 0.420352, -0.0004779, -0.999999, 0.00103158, 0.420352, -0.0011369, -0.90736
1.47692, 5.84041, 0.628537, 0.907361, -2.1684e-18, 0.420352, -0.0004779, -0.999999, 0.00103158, 0.420352, -0.0011369, -0.90736
1.47682, 5.82041, 0.62853, 0.907361, -1.73472e-18, 0.420352, -0.0004779, -0.999999, 0.00103158, 0.420352, -0.0011369, -0.90736
1.47676, 5.80041, 0.628488, 0.907361, -2.60209e-18, 0.420352, -0.0004779, -0.999999, 0.00103158, 0.420352, -0.0011369, -0.90736
1.47665, 5.78041, 0.628482, 0.907361, -4.33681e-19, 0.420352, -0.0004779, -0.999999, 0.00103158, 0.420352, -0.0011369, -0.90736
1.47658, 5.76041, 0.628448, 0.907361, -1.30104e-18, 0.420352, -0.0004779, -0.999999, 0.00103158, 0.420352, -0.0011369, -0.90736
1.47657, 5.74041, 0.628346, 0.907361, -4.33681e-19, 0.420352, -0.0004779, -0.999999, 0.00103158, 0.420352, -0.0011369, -0.90736
1.47613, 5.72041, 0.628674, 0.907361, -1.73472e-18, 0.420352, -0.0004779, -0.999999, 0.00103158, 0.420352, -0.0011369, -0.90736
1.47621, 5.70041, 0.628493, 0.907361, -8.67362e-19, 0.420352, -0.0004779, -0.999999, 0.00103158, 0.420352, -0.0011369, -0.90736
1.47569, 5.68041, 0.628899, 0.907361, -2.1684e-18, 0.420352, -0.0004779, -0.999999, 0.00103158, 0.420352, -0.0011369, -0.90736
1.47516, 5.66041, 0.629318, 0.907361, -8.67362e-19, 0.420352, -0.0004779, -0.999999, 0.00103158, 0.420352, -0.0011369, -0.90736
1.47516, 5.64041, 0.629209, 0.907361, 5.63785e-18, 0.420352, -0.0004779, -0.999999, 0.00103158, 0.420352, -0.0011369, -0.90736
1.47663, 5.6204, 0.627644, 0.907361, -1.95156e-18, 0.420352, -0.0004779, -0.999999, 0.00103158, 0.420352, -0.0011369, -0.90736
1.47638, 5.6004, 0.627783, 0.907361, 4.33681e-19, 0.420352, -0.0004779, -0.999999, 0.00103158, 0.420352, -0.0011369, -0.90736
1.47586, 5.58041, 0.628197, 0.907361, -6.50521e-19, 0.420352, -0.0004779, -0.999999, 0.00103158, 0.420352, -0.0011369, -0.90736
1.47529, 5.56041, 0.628651, 0.907361, -2.1684e-18, 0.420352, -0.0004779, -0.999999, 0.00103158, 0.420352, -0.0011369, -0.90736
1.4752, 5.54041, 0.62863, 0.907361, -1.73472e-18, 0.420352, -0.0004779, -0.999999, 0.00103158, 0.420352, -0.0011369, -0.90736
1.47507, 5.52041, 0.628649, 0.907361, -2.60209e-18, 0.420352, -0.0004779, -0.999999, 0.00103158, 0.420352, -0.0011369, -0.90736
1.47483, 5.50041, 0.628785, 0.907361, -1.30104e-18, 0.420352, -0.0004779, -0.999999, 0.00103158, 0.420352, -0.0011369, -0.90736
1.47498, 5.48041, 0.62853, 0.907361, -1.30104e-18, 0.420352, -0.0004779, -0.999999, 0.00103158, 0.420352, -0.0011369, -0.90736
1.47463, 5.46041, 0.628771, 0.907361, -8.67362e-19, 0.420352, -0.0004779, -0.999999, 0.00103158, 0.420352, -0.0011369, -0.90736
1.47481, 5.44041, 0.628477, 0.907361, -2.1684e-19, 0.420352, -0.0004779, -0.999999, 0.00103158, 0.420352, -0.0011369, -0.90736
1.47455, 5.42041, 0.628633, 0.907361, -2.1684e-18, 0.420352, -0.0004779, -0.999999, 0.00103158, 0.420352, -0.0011369, -0.90736
1.47448, 5.40041, 0.628596, 0.907361, -2.1684e-18, 0.420352, -0.0004779, -0.999999, 0.00103158, 0.420352, -0.0011369, -0.90736
1.47433, 5.38041, 0.628636, 0.907361, -1.73472e-18, 0.420352, -0.0004779, -0.999999, 0.00103158, 0.420352, -0.0011369, -0.90736
1.47424, 5.36041, 0.628618, 0.907361, -1.73472e-18, 0.420352, -0.0004779, -0.999999, 0.00103158, 0.420352, -0.0011369, -0.90736
1.47424, 5.34041, 0.628512, 0.907361, -3.03577e-18, 0.420352, -0.0004779, -0.999999, 0.00103158, 0.420352, -0.0011369, -0.90736
1.47429, 5.32041, 0.628347, 0.907361, -1.73472e-18, 0.420352, -0.0004779, -0.999999, 0.00103158, 0.420352, -0.0011369, -0.90736
1.47409, 5.30041, 0.628438, 0.907361, -3.46945e-18, 0.420352, -0.0004779, -0.999999, 0.00103158, 0.420352, -0.0011369, -0.90736
1.47404, 5.28041, 0.628379, 0.907361, -1.73472e-18, 0.420352, -0.0004779, -0.999999, 0.00103158, 0.420352, -0.0011369, -0.90736
1.47399, 5.26041, 0.628322, 0.907361, -2.1684e-18, 0.420352, -0.0004779, -0.999999, 0.00103158, 0.420352, -0.0011369, -0.90736
1.47375, 5.24041, 0.628457, 0.907361, -1.73472e-18, 0.420352, -0.0004779, -0.999999, 0.00103158, 0.420352, -0.0011369, -0.90736
1.47376, 5.22041, 0.628335, 0.907361, -1.73472e-18, 0.420352, -0.0004779, -0.999999, 0.00103158, 0.420352, -0.0011369, -0.90736
1.47353, 5.20041, 0.62846, 0.907361, -2.1684e-18, 0.420352, -0.0004779, -0.999999, 0.00103158, 0.420352, -0.0011369, -0.90736
1.47343, 5.18041, 0.628451, 0.907361, -2.60209e-18, 0.420352, -0.0004779, -0.999999, 0.00103158, 0.420352, -0.0011369, -0.90736
1.47354, 5.16041, 0.628232, 0.907361, -2.60209e-18, 0.420352, -0.0004779, -0.999999, 0.00103158, 0.420352, -0.0011369, -0.90736
1.47321, 5.14042, 0.628448, 0.907361, 0, 0.420352, -0.0004779, -0.999999, 0.00103158, 0.420352, -0.0011369, -0.90736
1.47316, 5.12042, 0.628393, 0.907361, -1.95156e-18, 0.420352, -0.0004779, -0.999999, 0.00103158, 0.420352, -0.0011369, -0.90736
1.47297, 5.10042, 0.62847, 0.907361, -1.73472e-18, 0.420352, -0.0004779, -0.999999, 0.00103158, 0.420352, -0.0011369, -0.90736
1.4728, 5.08042, 0.628538, 0.907361, -2.81893e-18, 0.420352, -0.0004779, -0.999999, 0.00103158, 0.420352, -0.0011369, -0.90736
1.47249, 5.06042, 0.628735, 0.907361, -1.73472e-18, 0.420352, -0.0004779, -0.999999, 0.00103158, 0.420352, -0.0011369, -0.90736
1.4724, 5.04042, 0.628716, 0.907361, -1.30104e-18, 0.420352, -0.0004779, -0.999999, 0.00103158, 0.420352, -0.0011369, -0.90736
1.47245, 5.02042, 0.628555, 0.907361, -2.1684e-19, 0.420352, -0.0004779, -0.999999, 0.00103158, 0.420352, -0.0011369, -0.90736
1.47199, 5.00042, 0.628906, 0.907361, -1.73472e-18, 0.420352, -0.0004779, -0.999999, 0.00103158, 0.420352, -0.0011369, -0.90736
1.47186, 4.98042, 0.628932, 0.907361, 0, 0.420352, -0.0004779, -0.999999, 0.00103158, 0.420352, -0.0011369, -0.90736
1.47166, 4.96042, 0.629021, 0.907361, -1.30104e-18, 0.420352, -0.0004779, -0.999999, 0.00103158, 0.420352, -0.0011369, -0.90736
1.4717, 4.94042, 0.628877, 0.907361, -3.68629e-18, 0.420352, -0.0004779, -0.999999, 0.00103158, 0.420352, -0.0011369, -0.90736
1.47127, 4.92042, 0.629188, 0.907361, -1.95156e-18, 0.420352, -0.0004779, -0.999999, 0.00103158, 0.420352, -0.0011369, -0.90736
1.47119, 4.90042, 0.629165, 0.907361, -1.95156e-18, 0.420352, -0.0004779, -0.999999, 0.00103158, 0.420352, -0.0011369, -0.90736
1.47102, 4.88042, 0.629222, 0.907361, -1.30104e-18, 0.420352, -0.0004779, -0.999999, 0.00103158, 0.420352, -0.0011369, -0.90736
1.47104, 4.86042, 0.629093, 0.907361, -1.73472e-18, 0.420352, -0.0004779, -0.999999, 0.00103158, 0.420352, -0.0011369, -0.90736
1.47108, 4.84042, 0.628953, 0.907361, -1.30104e-18, 0.420352, -0.0004779, -0.999999, 0.00103158, 0.420352, -0.0011369, -0.90736
1.47241, 4.82041, 0.627519, 0.907361, -1.73472e-18, 0.420352, -0.0004779, -0.999999, 0.00103158, 0.420352, -0.0011369, -0.90736
1.47235, 4.80041, 0.627475, 0.907361, -8.67362e-19, 0.420352, -0.0004779, -0.999999, 0.00103158, 0.420352, -0.0011369, -0.90736
1.47229, 4.78041, 0.627421, 0.907361, -4.33681e-19, 0.420352, -0.0004779, -0.999999, 0.00103158, 0.420352, -0.0011369, -0.90736
1.47221, 4.76041, 0.627399, 0.907361, -2.60209e-18, 0.420352, -0.0004779, -0.999999, 0.00103158, 0.420352, -0.0011369, -0.90736
1.47219, 4.74041, 0.627303, 0.907361, -6.50521e-19, 0.420352, -0.0004779, -0.999999, 0.00103158, 0.420352, -0.0011369, -0.90736
1.4721, 4.72041, 0.627288, 0.907361, -8.67362e-19, 0.420352, -0.0004779, -0.999999, 0.00103158, 0.420352, -0.0011369, -0.90736
1.47202, 4.70041, 0.627259, 0.907361, -1.95156e-18, 0.420352, -0.0004779, -0.999999, 0.00103158, 0.420352, -0.0011369, -0.90736
1.47197, 4.68041, 0.627204, 0.907361, -1.73472e-18, 0.420352, -0.0004779, -0.999999, 0.00103158, 0.420352, -0.0011369, -0.90736
1.47192, 4.66041, 0.627142, 0.907361, -3.25261e-18, 0.420352, -0.0004779, -0.999999, 0.00103158, 0.420352, -0.0011369, -0.90736
1.47184, 4.64041, 0.627111, 0.907361, -1.95156e-18, 0.420352, -0.0004779, -0.999999, 0.00103158, 0.420352, -0.0011369, -0.90736
1.47184, 4.62041, 0.627011, 0.907361, -1.30104e-18, 0.420352, -0.0004779, -0.999999, 0.00103158, 0.420352, -0.0011369, -0.90736
1.47177, 4.60041, 0.626971, 0.907361, -2.81893e-18, 0.420352, -0.0004779, -0.999999, 0.00103158, 0.420352, -0.0011369, -0.90736
1.47158, 4.58041, 0.62705, 0.907361, -8.67362e-19, 0.420352, -0.0004779, -0.999999, 0.00103158, 0.420352, -0.0011369, -0.90736
1.47117, 4.56042, 0.62735, 0.907361, -2.60209e-18, 0.420352, -0.0004779, -0.999999, 0.00103158, 0.420352, -0.0011369, -0.90736
1.47105, 4.54042, 0.627366, 0.907361, 0, 0.420352, -0.0004779, -0.999999, 0.00103158, 0.420352, -0.0011369, -0.90736
1.47074, 4.52042, 0.627559, 0.907361, -2.60209e-18, 0.420352, -0.0004779, -0.999999, 0.00103158, 0.420352, -0.0011369, -0.90736
1.47085, 4.50042, 0.627346, 0.907361, -6.50521e-19, 0.420352, -0.0004779, -0.999999, 0.00103158, 0.420352, -0.0011369, -0.90736
1.47032, 4.48042, 0.627758, 0.907361, -2.60209e-18, 0.420352, -0.0004779, -0.999999, 0.00103158, 0.420352, -0.0011369, -0.90736
1.47011, 4.46042, 0.627868, 0.907361, -1.30104e-18, 0.420352, -0.0004779, -0.999999, 0.00103158, 0.420352, -0.0011369, -0.90736
1.47006, 4.44042, 0.627807, 0.907361, -2.38524e-18, 0.420352, -0.0004779, -0.999999, 0.00103158, 0.420352, -0.0011369, -0.90736
1.46992, 4.42042, 0.62784, 0.907361, -3.46945e-18, 0.420352, -0.0004779, -0.999999, 0.00103158, 0.420352, -0.0011369, -0.90736
1.46935, 4.40042, 0.628291, 0.907361, -3.68629e-18, 0.420352, -0.0004779, -0.999999, 0.00103158, 0.420352, -0.0011369, -0.90736
1.46904, 4.38043, 0.628495, 0.907361, -1.73472e-18, 0.420352, -0.0004779, -0.999999, 0.00103158, 0.420352, -0.0011369, -0.90736
1.46893, 4.36043, 0.628495, 0.907361, -2.38524e-18, 0.420352, -0.0004779, -0.999999, 0.00103158, 0.420352, -0.0011369, -0.90736
1.46852, 4.34043, 0.628791, 0.907361, -1.95156e-18, 0.420352, -0.0004779, -0.999999, 0.00103158, 0.420352, -0.0011369, -0.90736
1.46844, 4.32043, 0.628767, 0.907361, -1.30104e-18, 0.420352, -0.0004779, -0.999999, 0.00103158, 0.420352, -0.0011369, -0.90736
1.46835, 4.30043, 0.628751, 0.907361, -2.1684e-18, 0.420352, -0.0004779, -0.999999, 0.00103158, 0.420352, -0.0011369, -0.90736
1.46829, 4.28043, 0.6287, 0.907361, -1.73472e-18, 0.420352, -0.0004779, -0.999999, 0.00103158, 0.420352, -0.0011369, -0.90736
1.46824, 4.26043, 0.628642, 0.907361, 4.33681e-19, 0.420352, -0.0004779, -0.999999, 0.00103158, 0.420352, -0.0011369, -0.90736
1.46793, 4.24043, 0.628838, 0.907361, -3.03577e-18, 0.420352, -0.0004779, -0.999999, 0.00103158, 0.420352, -0.0011369, -0.90736
1.46827, 4.22043, 0.6284, 0.907361, -1.30104e-18, 0.420352, -0.0004779, -0.999999, 0.00103158, 0.420352, -0.0011369, -0.90736
1.46778, 4.20043, 0.628775, 0.907361, -1.0842e-18, 0.420352, -0.0004779, -0.999999, 0.00103158, 0.420352, -0.0011369, -0.90736
1.4677, 4.18043, 0.628746, 0.907361, -2.38524e-18, 0.420352, -0.0004779, -0.999999, 0.00103158, 0.420352, -0.0011369, -0.90736
1.46764, 4.16043, 0.628695, 0.907361, -1.0842e-18, 0.420352, -0.0004779, -0.999999, 0.00103158, 0.420352, -0.0011369, -0.90736
1.46758, 4.14043, 0.628653, 0.907361, -2.38524e-18, 0.420352, -0.0004779, -0.999999, 0.00103158, 0.420352, -0.0011369, -0.90736
1.46749, 4.12043, 0.628628, 0.907361, -1.73472e-18, 0.420352, -0.0004779, -0.999999, 0.00103158, 0.420352, -0.0011369, -0.90736
1.46747, 4.10043, 0.628543, 0.907361, -8.67362e-19, 0.420352, -0.0004779, -0.999999, 0.00103158, 0.420352, -0.0011369, -0.90736
1.46737, 4.08043, 0.628531, 0.907361, -1.30104e-18, 0.420352, -0.0004779, -0.999999, 0.00103158, 0.420352, -0.0011369, -0.90736
1.46726, 4.06043, 0.628539, 0.907361, -2.60209e-18, 0.420352, -0.0004779, -0.999999, 0.00103158, 0.420352, -0.0011369, -0.90736
1.46713, 4.04043, 0.628562, 0.907361, -2.1684e-18, 0.420352, -0.0004779, -0.999999, 0.00103158, 0.420352, -0.0011369, -0.90736
1.46701, 4.02043, 0.628566, 0.907361, -2.1684e-18, 0.420352, -0.0004779, -0.999999, 0.00103158, 0.420352, -0.0011369, -0.90736
1.46699, 4.00043, 0.628481, 0.907361, -1.30104e-18, 0.420352, -0.0004779, -0.999999, 0.00103158, 0.420352, -0.0011369, -0.90736
1.4669, 3.98043, 0.62846, 0.907361, -2.1684e-18, 0.420352, -0.0004779, -0.999999, 0.00103158, 0.420352, -0.0011369, -0.90736
1.46659, 3.96043, 0.628662, 0.907361, -4.33681e-19, 0.420352, -0.0004779, -0.999999, 0.00103158, 0.420352, -0.0011369, -0.90736
1.46635, 3.94043, 0.628791, 0.907361, -6.50521e-19, 0.420352, -0.0004779, -0.999999, 0.00103158, 0.420352, -0.0011369, -0.90736
1.46657, 3.92043, 0.628469, 0.907361, -1.95156e-18, 0.420352, -0.0004779, -0.999999, 0.00103158, 0.420352, -0.0011369, -0.90736
1.46629, 3.90043, 0.628634, 0.907361, -2.1684e-18, 0.420352, -0.0004779, -0.999999, 0.00103158, 0.420352, -0.0011369, -0.90736
1.46652, 3.88043, 0.628298, 0.907361, 4.33681e-19, 0.420352, -0.0004779, -0.999999, 0.00103158, 0.420352, -0.0011369, -0.90736
1.46604, 3.86043, 0.628673, 0.907361, -1.95156e-18, 0.420352, -0.0004779, -0.999999, 0.00103158, 0.420352, -0.0011369, -0.90736
1.46605, 3.84043, 0.628548, 0.907361, 1.30104e-18, 0.420352, -0.0004779, -0.999999, 0.00103158, 0.420352, -0.0011369, -0.90736
1.46574, 3.82044, 0.628754, 0.907361, -1.73472e-18, 0.420352, -0.0004779, -0.999999, 0.00103158, 0.420352, -0.0011369, -0.90736
1.46584, 3.80043, 0.628547, 0.907361, -1.95156e-18, 0.420352, -0.0004779, -0.999999, 0.00103158, 0.420352, -0.0011369, -0.90736
1.4656, 3.78044, 0.628672, 0.907361, -1.0842e-18, 0.420352, -0.0004779, -0.999999, 0.00103158, 0.420352, -0.0011369, -0.90736
1.46549, 3.76044, 0.628673, 0.907361, -3.68629e-18, 0.420352, -0.0004779, -0.999999, 0.00103158, 0.420352, -0.0011369, -0.90736
1.46499, 3.74044, 0.629069, 0.907361, -2.1684e-18, 0.420352, -0.0004779, -0.999999, 0.00103158, 0.420352, -0.0011369, -0.90736
1.4652, 3.72044, 0.628745, 0.907361, -2.38524e-18, 0.420352, -0.0004779, -0.999999, 0.00103158, 0.420352, -0.0011369, -0.90736
1.46487, 3.70044, 0.628971, 0.907361, -1.73472e-18, 0.420352, -0.0004779, -0.999999, 0.00103158, 0.420352, -0.0011369, -0.90736
1.46476, 3.68044, 0.628975, 0.907361, -2.1684e-18, 0.420352, -0.0004779, -0.999999, 0.00103158, 0.420352, -0.0011369, -0.90736
1.46473, 3.66044, 0.628892, 0.907361, -2.1684e-18, 0.420352, -0.0004779, -0.999999, 0.00103158, 0.420352, -0.0011369, -0.90736
1.46477, 3.64044, 0.628742, 0.907361, -4.33681e-19, 0.420352, -0.0004779, -0.999999, 0.00103158, 0.420352, -0.0011369, -0.90736
1.4646, 3.62044, 0.628805, 0.907361, -2.1684e-18, 0.420352, -0.0004779, -0.999999, 0.00103158, 0.420352, -0.0011369, -0.90736
1.46458, 3.60044, 0.628719, 0.907361, -1.30104e-18, 0.420352, -0.0004779, -0.999999, 0.00103158, 0.420352, -0.0011369, -0.90736
1.46465, 3.58044, 0.628542, 0.907361, -2.60209e-18, 0.420352, -0.0004779, -0.999999, 0.00103158, 0.420352, -0.0011369, -0.90736
1.46434, 3.56044, 0.628744, 0.907361, -3.03577e-18, 0.420352, -0.0004779, -0.999999, 0.00103158, 0.420352, -0.0011369, -0.90736
1.46412, 3.54044, 0.628847, 0.907361, -2.38524e-18, 0.420352, -0.0004779, -0.999999, 0.00103158, 0.420352, -0.0011369, -0.90736
1.46383, 3.52044, 0.629027, 0.907361, -2.1684e-18, 0.420352, -0.0004779, -0.999999, 0.00103158, 0.420352, -0.0011369, -0.90736
1.46365, 3.50044, 0.629105, 0.907361, -1.30104e-18, 0.420352, -0.0004779, -0.999999, 0.00103158, 0.420352, -0.0011369, -0.90736
1.46319, 3.48045, 0.629454, 0.907361, -2.60209e-18, 0.420352, -0.0004779, -0.999999, 0.00103158, 0.420352, -0.0011369, -0.90736
1.46271, 3.46045, 0.629819, 0.907361, -1.95156e-18, 0.420352, -0.0004779, -0.999999, 0.00103158, 0.420352, -0.0011369, -0.90736
1.46248, 3.44045, 0.62994, 0.907361, -1.95156e-18, 0.420352, -0.0004779, -0.999999, 0.00103158, 0.420352, -0.0011369, -0.90736
1.46246, 3.42045, 0.629856, 0.907361, -1.95156e-18, 0.420352, -0.0004779, -0.999999, 0.00103158, 0.420352, -0.0011369, -0.90736
1.46245, 3.40045, 0.629751, 0.907361, -1.30104e-18, 0.420352, -0.0004779, -0.999999, 0.00103158, 0.420352, -0.0011369, -0.90736
1.46247, 3.38045, 0.629631, 0.907361, -1.0842e-18, 0.420352, -0.0004779, -0.999999, 0.00103158, 0.420352, -0.0011369, -0.90736
1.46233, 3.36045, 0.629661, 0.907361, -1.95156e-18, 0.420352, -0.0004779, -0.999999, 0.00103158, 0.420352, -0.0011369, -0.90736
1.46228, 3.34045, 0.6296, 0.907361, -1.30104e-18, 0.420352, -0.0004779, -0.999999, 0.00103158, 0.420352, -0.0011369, -0.90736
1.46223, 3.32045, 0.629543, 0.907361, -1.30104e-18, 0.420352, -0.0004779, -0.999999, 0.00103158, 0.420352, -0.0011369, -0.90736
1.46214, 3.30045, 0.629526, 0.907361, -1.95156e-18, 0.420352, -0.0004779, -0.999999, 0.00103158, 0.420352, -0.0011369, -0.90736
1.46203, 3.28045, 0.629526, 0.907361, -2.38524e-18, 0.420352, -0.0004779, -0.999999, 0.00103158, 0.420352, -0.0011369, -0.90736
1.46193, 3.26045, 0.629512, 0.907361, -1.73472e-18, 0.420352, -0.0004779, -0.999999, 0.00103158, 0.420352, -0.0011369, -0.90736
1.46184, 3.24045, 0.629499, 0.907361, -8.67362e-19, 0.420352, -0.0004779, -0.999999, 0.00103158, 0.420352, -0.0011369, -0.90736
1.46162, 3.22045, 0.629607, 0.907361, -1.30104e-18, 0.420352, -0.0004779, -0.999999, 0.00103158, 0.420352, -0.0011369, -0.90736
1.4616, 3.20045, 0.62952, 0.907361, -2.60209e-18, 0.420352, -0.0004779, -0.999999, 0.00103158, 0.420352, -0.0011369, -0.90736
1.46177, 3.18045, 0.629241, 0.907361, -1.30104e-18, 0.420352, -0.0004779, -0.999999, 0.00103158, 0.420352, -0.0011369, -0.90736
1.4616, 3.16045, 0.629305, 0.907361, -8.67362e-19, 0.420352, -0.0004779, -0.999999, 0.00103158, 0.420352, -0.0011369, -0.90736
1.46153, 3.14045, 0.629269, 0.907361, -2.60209e-18, 0.420352, -0.0004779, -0.999999, 0.00103158, 0.420352, -0.0011369, -0.90736
1.46152, 3.12045, 0.629169, 0.907361, -2.60209e-18, 0.420352, -0.0004779, -0.999999, 0.00103158, 0.420352, -0.0011369, -0.90736
1.46142, 3.10045, 0.629162, 0.907361, -5.20417e-18, 0.420352, -0.0004779, -0.999999, 0.00103158, 0.420352, -0.0011369, -0.90736
1.46086, 3.08045, 0.629605, 0.907361, -4.33681e-19, 0.420352, -0.0004779, -0.999999, 0.00103158, 0.420352, -0.0011369, -0.90736
1.46103, 3.06045, 0.62933, 0.907361, -1.51788e-18, 0.420352, -0.0004779, -0.999999, 0.00103158, 0.420352, -0.0011369, -0.90736
1.4607, 3.04045, 0.629547, 0.907361, -3.03577e-18, 0.420352, -0.0004779, -0.999999, 0.00103158, 0.420352, -0.0011369, -0.90736
1.46007, 3.02046, 0.630066, 0.907361, -8.67362e-19, 0.420352, -0.0004779, -0.999999, 0.00103158, 0.420352, -0.0011369, -0.90736
1.46013, 3.00046, 0.629903, 0.907361, -8.67362e-19, 0.420352, -0.0004779, -0.999999, 0.00103158, 0.420352, -0.0011369, -0.90736
1.45987, 2.98046, 0.630052, 0.907361, -2.1684e-18, 0.420352, -0.0004779, -0.999999, 0.00103158, 0.420352, -0.0011369, -0.90736
1.45993, 2.96046, 0.629881, 0.907361, -1.51788e-18, 0.420352, -0.0004779, -0.999999, 0.00103158, 0.420352, -0.0011369, -0.90736
1.45965, 2.94046, 0.630054, 0.907361, -1.51788e-18, 0.420352, -0.0004779, -0.999999, 0.00103158, 0.420352, -0.0011369, -0.90736
1.45964, 2.92046, 0.629955, 0.907361, -3.68629e-18, 0.420352, -0.0004779, -0.999999, 0.00103158, 0.420352, -0.0011369, -0.90736
1.45958, 2.90046, 0.629907, 0.907361, -4.33681e-19, 0.420352, -0.0004779, -0.999999, 0.00103158, 0.420352, -0.0011369, -0.90736
1.45948, 2.88046, 0.629895, 0.907361, -1.73472e-18, 0.420352, -0.0004779, -0.999999, 0.00103158, 0.420352, -0.0011369, -0.90736
1.45941, 2.86046, 0.629866, 0.907361, -2.60209e-18, 0.420352, -0.0004779, -0.999999, 0.00103158, 0.420352, -0.0011369, -0.90736
1.45937, 2.84046, 0.629798, 0.907361, -4.55365e-18, 0.420352, -0.0004779, -0.999999, 0.00103158, 0.420352, -0.0011369, -0.90736
1.45906, 2.82046, 0.629996, 0.907361, -1.0842e-18, 0.420352, -0.0004779, -0.999999, 0.00103158, 0.420352, -0.0011369, -0.90736
1.45874, 2.80046, 0.630202, 0.907361, -3.68629e-18, 0.420352, -0.0004779, -0.999999, 0.00103158, 0.420352, -0.0011369, -0.90736
1.45835, 2.78046, 0.630486, 0.907361, -2.60209e-18, 0.420352, -0.0004779, -0.999999, 0.00103158, 0.420352, -0.0011369, -0.90736
1.45797, 2.76047, 0.630756, 0.907361, -2.60209e-18, 0.420352, -0.0004779, -0.999999, 0.00103158, 0.420352, -0.0011369, -0.90736
1.45749, 2.74047, 0.631119, 0.907361, -1.0842e-18, 0.420352, -0.0004779, -0.999999, 0.00103158, 0.420352, -0.0011369, -0.90736
1.45738, 2.72047, 0.631119, 0.907361, -2.1684e-18, 0.420352, -0.0004779, -0.999999, 0.00103158, 0.420352, -0.0011369, -0.90736
1.45728, 2.70047, 0.631115, 0.907361, -1.73472e-18, 0.420352, -0.0004779, -0.999999, 0.00103158, 0.420352, -0.0011369, -0.90736
1.4572, 2.68047, 0.631088, 0.907361, -6.50521e-19, 0.420352, -0.0004779, -0.999999, 0.00103158, 0.420352, -0.0011369, -0.90736
1.4572, 2.66047, 0.630982, 0.907361, -2.38524e-18, 0.420352, -0.0004779, -0.999999, 0.00103158, 0.420352, -0.0011369, -0.90736
1.45712, 2.64047, 0.630948, 0.907361, -2.60209e-18, 0.420352, -0.0004779, -0.999999, 0.00103158, 0.420352, -0.0011369, -0.90736
1.45722, 2.62047, 0.630738, 0.907361, -1.51788e-18, 0.420352, -0.0004779, -0.999999, 0.00103158, 0.420352, -0.0011369, -0.90736
1.45723, 2.60047, 0.630622, 0.907361, -2.60209e-18, 0.420352, -0.0004779, -0.999999, 0.00103158, 0.420352, -0.0011369, -0.90736
1.45698, 2.58047, 0.630765, 0.907361, -1.73472e-18, 0.420352, -0.0004779, -0.999999, 0.00103158, 0.420352, -0.0011369, -0.90736
1.45691, 2.56047, 0.630728, 0.907361, -3.46945e-18, 0.420352, -0.0004779, -0.999999, 0.00103158, 0.420352, -0.0011369, -0.90736
1.45683, 2.54047, 0.630701, 0.907361, -4.33681e-19, 0.420352, -0.0004779, -0.999999, 0.00103158, 0.420352, -0.0011369, -0.90736
1.45671, 2.52047, 0.630713, 0.907361, -1.73472e-18, 0.420352, -0.0004779, -0.999999, 0.00103158, 0.420352, -0.0011369, -0.90736
1.45659, 2.50047, 0.630726, 0.907361, -1.95156e-18, 0.420352, -0.0004779, -0.999999, 0.00103158, 0.420352, -0.0011369, -0.90736
1.45651, 2.48047, 0.630691, 0.907361, -8.67362e-19, 0.420352, -0.0004779, -0.999999, 0.00103158, 0.420352, -0.0011369, -0.90736
1.45644, 2.46047, 0.630656, 0.907361, -1.73472e-18, 0.420352, -0.0004779, -0.999999, 0.00103158, 0.420352, -0.0011369, -0.90736
1.45642, 2.44047, 0.630566, 0.907361, -1.0842e-18, 0.420352, -0.0004779, -0.999999, 0.00103158, 0.420352, -0.0011369, -0.90736
1.45636, 2.42047, 0.630516, 0.907361, -3.68629e-18, 0.420352, -0.0004779, -0.999999, 0.00103158, 0.420352, -0.0011369, -0.90736
1.45627, 2.40047, 0.630495, 0.907361, -1.73472e-18, 0.420352, -0.0004779, -0.999999, 0.00103158, 0.420352, -0.0011369, -0.90736
1.45617, 2.38047, 0.630488, 0.907361, -1.51788e-18, 0.420352, -0.0004779, -0.999999, 0.00103158, 0.420352, -0.0011369, -0.90736
1.45615, 2.36047, 0.630401, 0.907361, 0, 0.420352, -0.0004779, -0.999999, 0.00103158, 0.420352, -0.0011369, -0.90736
1.45592, 2.34047, 0.63052, 0.907361, -2.60209e-18, 0.420352, -0.0004779, -0.999999, 0.00103158, 0.420352, -0.0011369, -0.90736
1.45611, 2.32047, 0.630224, 0.907361, -2.1684e-18, 0.420352, -0.0004779, -0.999999, 0.00103158, 0.420352, -0.0011369, -0.90736
1.4559, 2.30047, 0.630324, 0.907361, -6.50521e-19, 0.420352, -0.0004779, -0.999999, 0.00103158, 0.420352, -0.0011369, -0.90736
1.45604, 2.28047, 0.630082, 0.907361, -1.95156e-18, 0.420352, -0.0004779, -0.999999, 0.00103158, 0.420352, -0.0011369, -0.90736
1.45578, 2.26047, 0.630233, 0.907361, -2.60209e-18, 0.420352, -0.0004779, -0.999999, 0.00103158, 0.420352, -0.0011369, -0.90736
1.45535, 2.24047, 0.630554, 0.907361, -2.60209e-18, 0.420352, -0.0004779, -0.999999, 0.00103158, 0.420352, -0.0011369, -0.90736
1.45548, 2.22047, 0.63031, 0.907361, -2.60209e-18, 0.420352, -0.0004779, -0.999999, 0.00103158, 0.420352, -0.0011369, -0.90736
1.455, 2.20047, 0.630682, 0.907361, -1.95156e-18, 0.420352, -0.0004779, -0.999999, 0.00103158, 0.420352, -0.0011369, -0.90736
1.45508, 2.18047, 0.630495, 0.907361, -1.51788e-18, 0.420352, -0.0004779, -0.999999, 0.00103158, 0.420352, -0.0011369, -0.90736
1.45449, 2.16048, 0.630977, 0.907361, -1.95156e-18, 0.420352, -0.0004779, -0.999999, 0.00103158, 0.420352, -0.0011369, -0.90736
1.45452, 2.14047, 0.630832, 0.907361, -1.73472e-18, 0.420352, -0.0004779, -0.999999, 0.00103158, 0.420352, -0.0011369, -0.90736
1.45433, 2.12048, 0.630912, 0.907361, -1.51788e-18, 0.420352, -0.0004779, -0.999999, 0.00103158, 0.420352, -0.0011369, -0.90736
1.4543, 2.10048, 0.63084, 0.907361, -1.95156e-18, 0.420352, -0.0004779, -0.999999, 0.00103158, 0.420352, -0.0011369, -0.90736
1.45426, 2.08047, 0.630775, 0.907361, -1.30104e-18, 0.420352, -0.0004779, -0.999999, 0.00103158, 0.420352, -0.0011369, -0.90736
1.45395, 2.06048, 0.630975, 0.907361, -4.33681e-19, 0.420352, -0.0004779, -0.999999, 0.00103158, 0.420352, -0.0011369, -0.90736
1.45364, 2.04048, 0.631172, 0.907361, -2.1684e-18, 0.420352, -0.0004779, -0.999999, 0.00103158, 0.420352, -0.0011369, -0.90736
1.45376, 2.02048, 0.630945, 0.907361, -4.11997e-18, 0.420352, -0.0004779, -0.999999, 0.00103158, 0.420352, -0.0011369, -0.90736
1.45346, 2.00048, 0.631136, 0.907361, -2.1684e-18, 0.420352, -0.0004779, -0.999999, 0.00103158, 0.420352, -0.0011369, -0.90736
1.45325, 1.98048, 0.631237, 0.907361, -3.03577e-18, 0.420352, -0.0004779, -0.999999, 0.00103158, 0.420352, -0.0011369, -0.90736
1.45261, 1.96048, 0.631763, 0.907361, -8.67362e-19, 0.420352, -0.0004779, -0.999999, 0.00103158, 0.420352, -0.0011369, -0.90736
1.45277, 1.94048, 0.631496, 0.907361, -1.73472e-18, 0.420352, -0.0004779, -0.999999, 0.00103158, 0.420352, -0.0011369, -0.90736
1.45251, 1.92048, 0.631646, 0.907361, -1.30104e-18, 0.420352, -0.0004779, -0.999999, 0.00103158, 0.420352, -0.0011369, -0.90736
1.45265, 1.90048, 0.631399, 0.907361, -2.1684e-18, 0.420352, -0.0004779, -0.999999, 0.00103158, 0.420352, -0.0011369, -0.90736
1.45227, 1.88048, 0.631669, 0.907361, -1.30104e-18, 0.420352, -0.0004779, -0.999999, 0.00103158, 0.420352, -0.0011369, -0.90736
1.4523, 1.86048, 0.631527, 0.907361, -2.1684e-18, 0.420352, -0.0004779, -0.999999, 0.00103158, 0.420352, -0.0011369, -0.90736
1.45217, 1.84048, 0.631549, 0.907361, -2.1684e-18, 0.420352, -0.0004779, -0.999999, 0.00103158, 0.420352, -0.0011369, -0.90736
1.45225, 1.82048, 0.631365, 0.907361, -1.30104e-18, 0.420352, -0.0004779, -0.999999, 0.00103158, 0.420352, -0.0011369, -0.90736
1.45213, 1.80048, 0.631374, 0.907361, -1.73472e-18, 0.420352, -0.0004779, -0.999999, 0.00103158, 0.420352, -0.0011369, -0.90736
1.45221, 1.78048, 0.631191, 0.907361, -8.67362e-19, 0.420352, -0.0004779, -0.999999, 0.00103158, 0.420352, -0.0011369, -0.90736
1.45204, 1.76048, 0.631246, 0.907361, -2.1684e-18, 0.420352, -0.0004779, -0.999999, 0.00103158, 0.420352, -0.0011369, -0.90736
1.45206, 1.74048, 0.631124, 0.907361, -4.33681e-19, 0.420352, -0.0004779, -0.999999, 0.00103158, 0.420352, -0.0011369, -0.90736
1.45199, 1.72048, 0.631083, 0.907361, -2.1684e-18, 0.420352, -0.0004779, -0.999999, 0.00103158, 0.420352, -0.0011369, -0.90736
1.45207, 1.70048, 0.630892, 0.907361, -8.67362e-19, 0.420352, -0.0004779, -0.999999, 0.00103158, 0.420352, -0.0011369, -0.90736
1.4518, 1.68048, 0.631057, 0.907361, -2.1684e-18, 0.420352, -0.0004779, -0.999999, 0.00103158, 0.420352, -0.0011369, -0.90736
1.45186, 1.66048, 0.630887, 0.907361, -1.30104e-18, 0.420352, -0.0004779, -0.999999, 0.00103158, 0.420352, -0.0011369, -0.90736
1.45167, 1.64048, 0.630972, 0.907361, -1.73472e-18, 0.420352, -0.0004779, -0.999999, 0.00103158, 0.420352, -0.0011369, -0.90736
1.45161, 1.62048, 0.630922, 0.907361, -2.60209e-18, 0.420352, -0.0004779, -0.999999, 0.00103158, 0.420352, -0.0011369, -0.90736
1.45151, 1.60048, 0.630911, 0.907361, -1.51788e-18, 0.420352, -0.0004779, -0.999999, 0.00103158, 0.420352, -0.0011369, -0.90736
1.45147, 1.58048, 0.630843, 0.907361, -1.73472e-18, 0.420352, -0.0004779, -0.999999, 0.00103158, 0.420352, -0.0011369, -0.90736
1.45135, 1.56048, 0.630853, 0.907361, -8.67362e-19, 0.420352, -0.0004779, -0.999999, 0.00103158, 0.420352, -0.0011369, -0.90736
1.45129, 1.54048, 0.630806, 0.907361, -4.33681e-19, 0.420352, -0.0004779, -0.999999, 0.00103158, 0.420352, -0.0011369, -0.90736
1.45122, 1.52048, 0.630774, 0.907361, -1.30104e-18, 0.420352, -0.0004779, -0.999999, 0.00103158, 0.420352, -0.0011369, -0.90736
1.45116, 1.50048, 0.630723, 0.907361, -8.67362e-19, 0.420352, -0.0004779, -0.999999, 0.00103158, 0.420352, -0.0011369, -0.90736
1.45086, 1.48048, 0.630912, 0.907361, -1.30104e-18, 0.420352, -0.0004779, -0.999999, 0.00103158, 0.420352, -0.0011369, -0.90736
1.45109, 1.46048, 0.630571, 0.907361, -4.33681e-19, 0.420352, -0.0004779, -0.999999, 0.00103158, 0.420352, -0.0011369, -0.90736
1.45086, 1.44048, 0.630695, 0.907361, -2.1684e-18, 0.420352, -0.0004779, -0.999999, 0.00103158, 0.420352, -0.0011369, -0.90736
1.45068, 1.42048, 0.63077, 0.907361, -2.1684e-18, 0.420352, -0.0004779, -0.999999, 0.00103158, 0.420352, -0.0011369, -0.90736
1.4504, 1.40049, 0.630935, 0.907361, -2.1684e-18, 0.420352, -0.0004779, -0.999999, 0.00103158, 0.420352, -0.0011369, -0.90736
1.45043, 1.38048, 0.630796, 0.907361, -2.38524e-18, 0.420352, -0.0004779, -0.999999, 0.00103158, 0.420352, -0.0011369, -0.90736
1.45021, 1.36049, 0.630912, 0.907361, -5.63785e-18, 0.420352, -0.0004779, -0.999999, 0.00103158, 0.420352, -0.0011369, -0.90736
1.44957, 1.34049, 0.631441, 0.907361, -3.03577e-18, 0.420352, -0.0004779, -0.999999, 0.00103158, 0.420352, -0.0011369, -0.90736
1.44933, 1.32049, 0.631569, 0.907361, -8.67362e-19, 0.420352, -0.0004779, -0.999999, 0.00103158, 0.420352, -0.0011369, -0.90736
1.44928, 1.30049, 0.63151, 0.907361, -2.60209e-18, 0.420352, -0.0004779, -0.999999, 0.00103158, 0.420352, -0.0011369, -0.90736
1.44942, 1.28049, 0.63126, 0.907361, -1.73472e-18, 0.420352, -0.0004779, -0.999999, 0.00103158, 0.420352, -0.0011369, -0.90736
1.44916, 1.26049, 0.631418, 0.907361, -2.60209e-18, 0.420352, -0.0004779, -0.999999, 0.00103158, 0.420352, -0.0011369, -0.90736
1.44932, 1.24049, 0.631145, 0.907361, -6.50521e-19, 0.420352, -0.0004779, -0.999999, 0.00103158, 0.420352, -0.0011369, -0.90736
1.4491, 1.22049, 0.631255, 0.907361, -1.95156e-18, 0.420352, -0.0004779, -0.999999, 0.00103158, 0.420352, -0.0011369, -0.90736
1.44898, 1.20049, 0.631269, 0.907361, -2.1684e-18, 0.420352, -0.0004779, -0.999999, 0.00103158, 0.420352, -0.0011369, -0.90736
1.4489, 1.18049, 0.631236, 0.907361, -1.30104e-18, 0.420352, -0.0004779, -0.999999, 0.00103158, 0.420352, -0.0011369, -0.90736
1.44856, 1.16049, 0.631469, 0.907361, -2.1684e-18, 0.420352, -0.0004779, -0.999999, 0.00103158, 0.420352, -0.0011369, -0.90736
1.44826, 1.14049, 0.631663, 0.907361, -3.03577e-18, 0.420352, -0.0004779, -0.999999, 0.00103158, 0.420352, -0.0011369, -0.90736
1.44793, 1.1205, 0.631875, 0.907361, -1.73472e-18, 0.420352, -0.0004779, -0.999999, 0.00103158, 0.420352, -0.0011369, -0.90736
1.4479, 1.1005, 0.631803, 0.907361, -3.03577e-18, 0.420352, -0.0004779, -0.999999, 0.00103158, 0.420352, -0.0011369, -0.90736
1.44815, 1.08049, 0.63145, 0.907361, -1.95156e-18, 0.420352, -0.0004779, -0.999999, 0.00103158, 0.420352, -0.0011369, -0.90736
1.44787, 1.0605, 0.631613, 0.907361, -1.73472e-18, 0.420352, -0.0004779, -0.999999, 0.00103158, 0.420352, -0.0011369, -0.90736
1.44778, 1.0405, 0.631593, 0.907361, -1.51788e-18, 0.420352, -0.0004779, -0.999999, 0.00103158, 0.420352, -0.0011369, -0.90736
1.44779, 1.02049, 0.631478, 0.907361, -1.0842e-18, 0.420352, -0.0004779, -0.999999, 0.00103158, 0.420352, -0.0011369, -0.90736
1.44783, 1.00049, 0.631334, 0.907361, -1.0842e-18, 0.420352, -0.0004779, -0.999999, 0.00103158, 0.420352, -0.0011369, -0.90736
1.44811, 0.980492, 0.630948, 0.907361, -2.60209e-18, 0.420352, -0.0004779, -0.999999, 0.00103158, 0.420352, -0.0011369, -0.90736
1.44783, 0.960493, 0.631112, 0.907361, -3.46945e-18, 0.420352, -0.0004779, -0.999999, 0.00103158, 0.420352, -0.0011369, -0.90736
1.44807, 0.940491, 0.63077, 0.907361, -2.38524e-18, 0.420352, -0.0004779, -0.999999, 0.00103158, 0.420352, -0.0011369, -0.90736
1.44778, 0.920492, 0.630955, 0.907361, -2.60209e-18, 0.420352, -0.0004779, -0.999999, 0.00103158, 0.420352, -0.0011369, -0.90736
1.44809, 0.90049, 0.630531, 0.907361, -2.60209e-18, 0.420352, -0.0004779, -0.999999, 0.00103158, 0.420352, -0.0011369, -0.90736
1.44784, 0.880491, 0.630671, 0.907361, -1.73472e-18, 0.420352, -0.0004779, -0.999999, 0.00103158, 0.420352, -0.0011369, -0.90736
1.44799, 0.860489, 0.630416, 0.907361, -1.51788e-18, 0.420352, -0.0004779, -0.999999, 0.00103158, 0.420352, -0.0011369, -0.90736
1.44771, 0.840491, 0.630589, 0.907361, -1.95156e-18, 0.420352, -0.0004779, -0.999999, 0.00103158, 0.420352, -0.0011369, -0.90736
1.4479, 0.820489, 0.630296, 0.907361, -3.25261e-18, 0.420352, -0.0004779, -0.999999, 0.00103158, 0.420352, -0.0011369, -0.90736
1.44774, 0.80049, 0.630342, 0.907361, -1.30104e-18, 0.420352, -0.0004779, -0.999999, 0.00103158, 0.420352, -0.0011369, -0.90736
1.44805, 0.780487, 0.629931, 0.907361, -2.60209e-18, 0.420352, -0.0004779, -0.999999, 0.00103158, 0.420352, -0.0011369, -0.90736
1.44808, 0.760486, 0.629786, 0.907361, 4.33681e-19, 0.420352, -0.0004779, -0.999999, 0.00103158, 0.420352, -0.0011369, -0.90736
1.44838, 0.740484, 0.629384, 0.907361, -2.38524e-18, 0.420352, -0.0004779, -0.999999, 0.00103158, 0.420352, -0.0011369, -0.90736
1.44832, 0.720484, 0.629336, 0.907361, -2.60209e-18, 0.420352, -0.0004779, -0.999999, 0.00103158, 0.420352, -0.0011369, -0.90736
1.4482, 0.700484, 0.629347, 0.907361, -3.46945e-18, 0.420352, -0.0004779, -0.999999, 0.00103158, 0.420352, -0.0011369, -0.90736
1.44792, 0.680486, 0.629517, 0.907361, -3.03577e-18, 0.420352, -0.0004779, -0.999999, 0.00103158, 0.420352, -0.0011369, -0.90736
1.44819, 0.660483, 0.629143, 0.907361, -2.60209e-18, 0.420352, -0.0004779, -0.999999, 0.00103158, 0.420352, -0.0011369, -0.90736
1.44821, 0.640483, 0.629016, 0.907361, -1.95156e-18, 0.420352, -0.0004779, -0.999999, 0.00103158, 0.420352, -0.0011369, -0.90736
1.44819, 0.620482, 0.628924, 0.907361, -1.95156e-18, 0.420352, -0.0004779, -0.999999, 0.00103158, 0.420352, -0.0011369, -0.90736
1.44827, 0.600481, 0.628735, 0.907361, -1.30104e-18, 0.420352, -0.0004779, -0.999999, 0.00103158, 0.420352, -0.0011369, -0.90736
1.44831, 0.58048, 0.628588, 0.907361, -1.30104e-18, 0.420352, -0.0004779, -0.999999, 0.00103158, 0.420352, -0.0011369, -0.90736
1.448, 0.560482, 0.628788, 0.907361, -1.30104e-18, 0.420352, -0.0004779, -0.999999, 0.00103158, 0.420352, -0.0011369, -0.90736
1.43957, 0.560533, 0.626454, 0.931553, -2.60209e-18, 0.363605, 0.0278195, -0.997069, -0.0712734, 0.362539, 0.0765102, -0.928823
1.43118, 0.560582, 0.622378, 0.846729, -1.0842e-18, 0.532024, 0.0416585, -0.99693, -0.0663006, 0.530391, 0.078302, -0.84413
1.42837, 0.560598, 0.620662, 0.7572, -2.22261e-18, 0.653183, -0.00395613, -0.999982, 0.00458613, 0.653171, -0.00605669, -0.757186
1.42813, 0.5806, 0.621012, 0.7572, -2.33103e-18, 0.653183, -0.00395613, -0.999982, 0.00458613, 0.653171, -0.00605669, -0.757186
1.42786, 0.600603, 0.621387, 0.7572, -3.46945e-18, 0.653183, -0.00395613, -0.999982, 0.00458613, 0.653171, -0.00605669, -0.757186
1.42784, 0.620603, 0.621517, 0.7572, -3.63208e-18, 0.653183, -0.00395613, -0.999982, 0.00458613, 0.653171, -0.00605669, -0.757186
1.42783, 0.640604, 0.621628, 0.7572, -2.33103e-18, 0.653183, -0.00395613, -0.999982, 0.00458613, 0.653171, -0.00605669, -0.757186
1.42788, 0.660604, 0.621685, 0.7572, -2.6563e-18, 0.653183, -0.00395613, -0.999982, 0.00458613, 0.653171, -0.00605669, -0.757186
1.42781, 0.680605, 0.621866, 0.7572, -1.89735e-18, 0.653183, -0.00395613, -0.999982, 0.00458613, 0.653171, -0.00605669, -0.757186
1.42774, 0.700606, 0.622046, 0.7572, -2.1684e-18, 0.653183, -0.00395613, -0.999982, 0.00458613, 0.653171, -0.00605669, -0.757186
1.4278, 0.720606, 0.62209, 0.7572, -2.6563e-18, 0.653183, -0.00395613, -0.999982, 0.00458613, 0.653171, -0.00605669, -0.757186
1.42771, 0.740607, 0.622285, 0.7572, -2.1684e-18, 0.653183, -0.00395613, -0.999982, 0.00458613, 0.653171, -0.00605669, -0.757186
1.42779, 0.760607, 0.622314, 0.7572, -2.22261e-18, 0.653183, -0.00395613, -0.999982, 0.00458613, 0.653171, -0.00605669, -0.757186
1.42772, 0.780608, 0.622493, 0.7572, -3.52366e-18, 0.653183, -0.00395613, -0.999982, 0.00458613, 0.653171, -0.00605669, -0.757186
1.42791, 0.800607, 0.622414, 0.7572, -2.76472e-18, 0.653183, -0.00395613, -0.999982, 0.00458613, 0.653171, -0.00605669, -0.757186
1.42795, 0.820607, 0.622485, 0.7572, -2.33103e-18, 0.653183, -0.00395613, -0.999982, 0.00458613, 0.653171, -0.00605669, -0.757186
1.4278, 0.840609, 0.622744, 0.7572, -2.22261e-18, 0.653183, -0.00395613, -0.999982, 0.00458613, 0.653171, -0.00605669, -0.757186
1.42765, 0.86061, 0.622994, 0.7572, -3.52366e-18, 0.653183, -0.00395613, -0.999982, 0.00458613, 0.653171, -0.00605669, -0.757186
1.42752, 0.880612, 0.623233, 0.7572, -2.6563e-18, 0.653183, -0.00395613, -0.999982, 0.00458613, 0.653171, -0.00605669, -0.757186
1.42751, 0.900612, 0.623355, 0.7572, -2.76472e-18, 0.653183, -0.00395613, -0.999982, 0.00458613, 0.653171, -0.00605669, -0.757186
1.42754, 0.920613, 0.623429, 0.7572, -1.89735e-18, 0.653183, -0.00395613, -0.999982, 0.00458613, 0.653171, -0.00605669, -0.757186
1.42779, 0.940611, 0.623284, 0.7572, -2.22261e-18, 0.653183, -0.00395613, -0.999982, 0.00458613, 0.653171, -0.00605669, -0.757186
1.42797, 0.960611, 0.623219, 0.7572, -2.60209e-18, 0.653183, -0.00395613, -0.999982, 0.00458613, 0.653171, -0.00605669, -0.757186
1.4282, 0.980609, 0.6231, 0.7572, -3.08998e-18, 0.653183, -0.00395613, -0.999982, 0.00458613, 0.653171, -0.00605669, -0.757186
1.42835, 1.00061, 0.623053, 0.7572, -1.35525e-18, 0.653183, -0.00395613, -0.999982, 0.00458613, 0.653171, -0.00605669, -0.757186
1.4284, 1.02061, 0.623114, 0.7572, -2.22261e-18, 0.653183, -0.00395613, -0.999982, 0.00458613, 0.653171, -0.00605669, -0.757186
1.42845, 1.04061, 0.623175, 0.7572, -3.52366e-18, 0.653183, -0.00395613, -0.999982, 0.00458613, 0.653171, -0.00605669, -0.757186
1.42834, 1.06061, 0.623386, 0.7572, -2.6563e-18, 0.653183, -0.00395613, -0.999982, 0.00458613, 0.653171, -0.00605669, -0.757186
1.42829, 1.08061, 0.623546, 0.7572, -2.22261e-18, 0.653183, -0.00395613, -0.999982, 0.00458613, 0.653171, -0.00605669, -0.757186
1.42834, 1.10061, 0.623603, 0.7572, -2.22261e-18, 0.653183, -0.00395613, -0.999982, 0.00458613, 0.653171, -0.00605669, -0.757186
1.42838, 1.12061, 0.623675, 0.7572, -1.78893e-18, 0.653183, -0.00395613, -0.999982, 0.00458613, 0.653171, -0.00605669, -0.757186
1.42849, 1.14061, 0.62367, 0.7572, -2.22261e-18, 0.653183, -0.00395613, -0.999982, 0.00458613, 0.653171, -0.00605669, -0.757186
